15.0 

29.0 

221.0 

19.0 

42.0 

200.0 

20.0 

50.0 

189.0 

6.0 

22.0 

71.0 

7.0 

22.0 

65.0 

4.0 

66.0 

87.0 

8.0 

41.0 

4.0 

84.0 

15.0 

143.0 

13.0 

66.0 

26.0 

65.0 

15.0 

44.0 

132.0 

20.0 

43.0 

137.0 

17.0 

88.0 

22.0 

44.0 

12.0 

26.0 

17.0 

121.0 

12.0 

19.0 

41.0 

12.0 

65.0 

66.0 

28.0 

2.0 

73.0 

9.0 

71.0 

43.0 

169.0 

62.0 

71.0 

42.0 

342.0 

27.0 

44.0 

119.0 

43.0 

125.0 

106.0 

43.0 

155.0 

287.0 

9.0 

14.0 

34.0 

100.0 

121.0 

44.0 

232.0 

662.0 

66.0 

209.0 

79.0 

173.0 

13.0 

132.0 

33.0 

86.0 

188.0 

198.0 

265.0 

66.0 

66.0 

9.0 

292.0 

0.2 

0.2 

89.0 

463.0 

71.0 

167.0 

14.0 

132.0 

23.0 

147.0 

6.0 

265.0 

14.0 

99.0 

110.0 

111.0 

144.0 

2.0 

21.0 

254.0 

265.0 

76.0 

77.0 

176.0 

18.0 

55.0 

33.0 

86.0 

76.0 

176.0 

120.0 

123.0 

90.0 

66.0 

98.0 

121.0 

195.0 

22.0 

518.0 

485.0 

9.0 

14.0 

64.0 

54.0 

55.0 

80.0 

17.0 

77.0 

25.0 

89.0 

130.0 

1014.0 

122.0 

116.0 

132.0 

7.0 

36.0 

463.0 

269.0 

9.0 

14.0 

35.0 

222.0 

17.0 

42.0 

175.0 

21.0 

55.0 

196.0 

13.0 

72.0 

47.0 

90.0 

24.0 

78.0 

19.0 

74.0 

165.0 

26.0 

50.0 

4.0 

7.0 

2.0 

3.0 

7.0 

4.0 

33.0 

17.0 

29.0 

136.0 

13.0 

19.0 

63.0 

84.0 

75.0 

1.0 

2.0 

7.0 

25.0 

4.0 

19.0 

84.0 

19.0 

165.0 

58.0 

60.0 

5.0 

175.0 

2.0 

11.0 

63.0 

91.0 

16.0 

277.0 

31.0 

143.0 

882.0 

17.0 

107.0 

9.0 

260.0 

45.0 

119.0 

62.0 

19.0 

277.0 

77.0 

121.0 

14.0 

123.0 

11.0 

26.0 

63.0 

35.0 

485.0 

111.0 

24.0 

77.0 

335.0 

74.0 

265.0 

72.0 

157.0 

128.0 

46.0 

106.0 

13.0 

52.0 

47.0 

166.0 

103.0 

392.0 

437.0 

412.0 

159.0 

335.0 

445.0 

476.0 

439.0 

11.0 
